4743
2184
8064
8368
4527
1987
391
947
3966
5030
9676
1409
9807
7008
4478
2876
7480
7070
4264
3086
8957
8606
4642
1611
2178
9803
8301
2108
5085
3338
1916
3757
5354
6848
3714
6052
4088
5390
7462
716
8144
9050
8771
350
1318
4043
5116
2699
3529
9584
1469
1225
7668
2542
4748
4775
4055
933
9342
3678
8767
1453
8150
4022
6241
1170
3897
5122
4359
6665
941
7225
3169
9902
9456
6130
4077
8012
436
3403
4593
8392
5288
4678
9684
1002
7058
8561
7644
3480
6744
6544
5139
3201
7645
1209
7187
2467
6729
3420
2064
1706
8594
7245
2501
630
2742
7871
7174
8807
8475
1263
7812
3864
621
7402
3152
7541
6582
6396
1735
8298
3293
6726
5579
2089
7205
7323
9858
2775
5653
2263
4903
1860
280
6061
6319
6598
1211
7915
374
7841
6548
8700
4680
4261
6354
6810
9771
5843
2943
9645
4745
6461
5265
4741
5980
2762
6320
7472
8834
2354
355
3096
4528
6364
8291
4252
2275
5554
4305
5417
273
3741
4947
3125
5694
5859
2953
7913
9323
8601
9054
2616
2184
6486
9306
5392
3066
6375
5060
1739
6296
2776
6501
866
1727
229
7960
911
7942
8334
2381
430
7772
6320
4477
64
5005
9926
6167
1323
8259
5467
9929
3841
4136
266
6395
5050
1178
7732
357
6961
5720
1549
2368
5817
1177
6836
1994
2970
7852
2717
515
844
4089
1581
2356
862
6854
3089
5808
8004
7830
7436
7187
1675
3661
4011
8247
7561
3102
2614
629
2934
5589
1733
9960
7537
6512
6924
2381
5297
472
629
4839
6169
5517
408
5615
3734
2016
9962
9000
9768
4394
5968
5568
7114
7801
4398
4451
9392
3132
9696
3402
9341
6707
2147
5712
9182
505
2289
613
1623
7886
1320
2156
647
2125
2758
1087
3850
5900
9972
1218
7339
2082
299
9621
5524
4099
2423
9203
708
8758
6182
4903
6171
3991
1757
1918
3013
5561
7640
3591
5296
3651
5068
327
3900
6011
251
6426
3247
5025
5634
2611
6050
5762
3010
629
5451
5245
4218
666
6631
4593
5325
2528
2276
3749
2757
1508
9880
7426
7156
6086
4386
4171
7443
1932
9275
2701
3193
5011
3304
9617
1385
6703
3567
5422
2969
7364
6484
1819
8762
7229
7951
3986
489
4010
9051
848
5137
6263
4365
2057
5690
7942
5791
5673
450
463
8776
3029
598
1054
9866
5392
6558
8026
1736
26
1123
598
9602
594
669
7201
382
4748
7325
1208
2389
9613
8995
3786
8583
4627
4541
1484
9244
8226
4237
6275
9224
9929
8406
3071
6345
8899
3507
6728
8560
9146
2724
2512
1978
8085
9861
2823
5850
2450
7085
4126
8805
6367
6576
4259
7994
50
6465
7307
2892
8057
9320
3998
3357
3820
444
7547
2168
3790
7997
2924
8763
1234
5920
5269
4400
617
4568
7606
6918
5258
7229
4272
8897
2059
4764
8788
9402
7420
7963
5687
6068
691
5735
770
2045
321
2316
9205
157
2420
5680
1675
158
9798
1500
7065
9367
6930
264
7025
3239
1734
2098
5411
507
9364
2699
8354
2844
2179
2686
4612
7416
4963
6350
7699
1435
3742
8971
9586
2889
3913
832
9593
6571
7034
6172
9361
9108
9059
2747
7259
4799
2764
7360
7306
9095
3391
5393
7057
6610
4221
3887
7079
1835
686
6161
2023
9451
182
6828
5876
2467
3906
8481
8426
4824
3602
4291
639
9803
8593
6467
4473
8132
6703
7226
7801
8890
5103
5170
8789
1570
4540
7041
8531
1970
8951
339
9088
3585
7356
4308
7233
2093
9811
1495
7441
1095
9506
5013
4874
2079
3775
2277
2943
5544
1218
7204
4245
3816
3753
3570
6321
8623
518
7049
7340
6753
3379
8266
324
9793
5798
2325
3932
1051
4111
6469
2916
2974
990
5879
2051
1237
8465
2197
2096
1089
1067
3395
8656
2037
7569
260
170
45
5294
8314
7191
7067
358
8072
3733
8223
4071
4950
490
4083
4123
3761
8181
5616
4202
5724
1648
225
5597
3847
6866
3202
797
6250
3185
2036
8858
2414
8116
1136
2935
2104
4262
9541
227
8115
5095
9104
2659
1913
669
7927
8026
5373
7129
3458
9210
5656
740
7750
6004
6239
1415
3951
7036
9117
4841
8666
8184
2850
6259
5884
3239
9495
96
3683
9342
7197
4272
3575
5517
6690
1868
6859
6289
5103
6515
7926
5506
2064
8835
2793
7293
7936
5364
4141
2060
6785
5806
7210
5920
9589
4378
4694
2321
781
5478
2680
5660
8891
5858
2104
1115
85
1512
4325
4083
9369
6185
706
1383
6999
2753
8846
9961
4944
7980
4078
8705
8681
3139
9049
3558
6876
3775
8832
7305
331
1902
1193
5329
5553
6834
5015
320
7623
8118
5447
2613
9360
5389
8408
8443
6690
7283
4424
1551
3537
4741
8440
8447
7610
6764
6411
6989
5849
3060
6944
2338
1703
4043
4921
9152
8323
3972
6952
128
3260
4491
7525
2378
4680
9860
1038
5523
5796
476
3436
65
7417
97
2205
825
3143
509
4132
8729
8449
3597
169
8706
1716
8865
1758
7229
4933
1884
4399
6943
1494
4634
3173
6295
6677
3905
6327
8564
610
6481
2637
3523
9802
7205
1507
7797
2308
5883
375
3872
4616
8432
8383
8028
5719
340
4713
1838
9851
4477
4433
8401
2156
5512
3192
160
9499
1498
4343
4480
5295
2196
5425
2314
2553
4677
1213
6726
3174
5385
4616
7683
5426
5455
5862
500
7363
3497
6433
6468
9529
8813
1936
2986
4527
4408
1285
2967
3534
6161
2435
4636
4367
6875
9881
4281
1179
9477
3648
193
1137
3020
8925
6937
5058
1232
5491
2574
1197
9491
8184
2294
8226
4254
5346
3598
9557
4654
5790
5523
6706
9595
3149
4077
919
9
9516
9653
4162
4952
3102
5256
6343
4342
152
7475
462
7301
6856
4270
6376
9190
1379
6325
2460
1316
8154
2561
8706
2494
2184
8902
9914
172
731
1301
4730
5939
1084
2482
8995
3251
5261
6832
6526
189
9198
5512
6201
9842
2891
7688
3880
4135
5334
8632
1561
5685
3404
6119
8168
6909
39
5668
1148
4760
1536
9338
7884
8508
9566
35
770
7338
2287
4173
2730
4276
4706
6921
6998
2765
7695
7856
386
8585
5796
7728
3214
4755
6781
2005
9614
3149
7086
1075
7514
290
6544
6286
4050
4200
1174
2348
2066
2929
1066
8755
2334
6496
1129
1213
2762
3208
4664
1258
9417
7312
658
5972
5104
5699
4447
6621
2901
9365
5858
532
7705
9599
6031
6343
7840
7211
1623
5267
9865
2731
7105
1622
4030
900
4871
9845
3194
4120
8634
3866
5249
833
9011
4886
4241
6057
8536
3540
6003
582
5670
9901
8734
7955
4577
7592
9720
6650
2566
9865
1050
9662
4296
3898
5631
8436
207
3816
6504
2897
6442
4148
7871
5310
8460
9546
5110
1257
6570
2430
7852
2006
5296
6514
4043
6562
9995
9332
1009
7432
4102
8196
4936
4252
4932
4996
2756
8148
7062
1000
2441
6151
1498
1932
3527
2733
3889
1141
9267
1958
6651
1055
5811
9800
6513
9366
6709
4992
703
9825
8060
7897
5452
9880
2632
1850
3687
7638
7778
8409
192
5465
1185
1485
3136
7782
8891
2242
3542
1290
5388
214
7518
4188
412
1184
2000
2878
1440
1408
1747
4386
8303
177
6300
8792
1535
5899
2807
6933
1404
6742
6704
2080
8308
5400
8207
2695
834
5119
2094
5486
6308
1675
7080
1943
8491
9186
319
6989
2480
4423
1834
9562
4654
7285
4409
6825
3007
3717
5847
4374
6278
7791
1339
6609
4790
5500
6507
7361
8045
9306
2797
4645
4753
7690
4875
4086
886
5891
2675
2712
9368
7465
6312
1999
5291
4840
392
446
9789
2938
7083
2363
1589
4472
5493
8527
9450
5053
7512
8233
5554
2982
265
6594
6870
6022
9485
2811
6510
7638
8527
8482
6846
1002
4001
6212
7356
3038
4973
2700
3885
7631
4071
8138
5788
3622
2241
2846
3606
6575
6474
7619
1109
9432
8676
2154
9046
6997
688
9739
7609
1296
6617
1152
9909
9981
9833
7053
4245
3388
3532
583
8643
6968
8575
4565
9631
6588
6868
1012
1917
469
8997
1524
3368
6515
2515
8448
8887
9209
8330
8683
1258
3555
2962
6837
2064
9255
2293
6494
2105
2853
6664
7857
9555
8152
8888
6817
5443
3502
5282
3634
6274
8916
1454
3278
7634
9179
8953
2088
411
6887
1598
3437
1094
4005
7105
5462
7797
444
2200
6042
9117
3709
3557
1489
5601
8133
1332
4851
7516
4257
6046
414
3178
2240
696
4103
2436
8468
3835
7959
583
5186
5696
5943
9072
4746
8024
8807
9174
2320
3461
2535
9507
1752
7737
9865
2960
4289
5049
1885
749
456
1245
4604
5098
8637
551
7569
6244
9794
3773
2337
7487
9712
8117
7707
28
9316
60
491
7608
9927
8818
6040
7522
4683
4678
989
8326
129
2314
4101
2058
9479
7315
191
7076
6382
8559
8289
8806
8778
3602
665
6999
8563
543
6063
8159
6409
5808
8518
5167
1684
6739
2769
6123
5321
2737
2466
933
7256
7547
9038
8263
2354
5651
4444
9213
3049
6660
860
2605
9055
2783
9796
163
4144
2932
982
7245
7356
3609
4221
1039
9820
4122
9286
3892
9462
5005
6860
7027
5180
4688
2507
4986
6318
8594
5062
7913
1792
2250
3028
717
6582
2568
9221
7431
6427
6999
7667
904
1105
1067
1188
7548
8787
3804
3611
1121
3975
2719
8974
7506
7263
3134
7858
3780
2254
1539
1746
428
8167
2246
3711
2074
9681
5760
6081
4295
9752
1884
3228
7543
4861
8569
1406
5914
653
1518
2084
7877
3311
7707
5676
2471
5462
3927
7398
283
6694
9611
9668
2634
6852
7387
6992
5833
3830
3596
3628
2966
138
1799
4788
8971
2211
5320
1392
621
3885
8595
2181
196
7074
980
348
7318
2149
8161
7930
5186
6939
4926
3710
9158
6185
7917
7322
6798
8409
7920
9689
7338
598
6924
3310
5482
1383
2540
8237
1640
3705
4127
7571
7426
2356
6719
2703
2899
4367
8335
9396
3390
7088
3824
23
7686
604
4912
9891
2780
2780
2367
7900
7509
8032
4399
7104
1079
3821
2824
5769
3633
8531
6390
5344
1349
5370
8752
4059
2642
5994
8277
3975
3410
7193
8468
7521
3852
8446
8264
5710
4647
1637
6958
698
9485
7052
5269
8333
1383
7354
2209
6858
986
1647
3852
8321
7262
3255
6074
6212
2919
2456
6967
7479
5778
1562
2879
9408
5726
1990
4217
7406
7492
9671
8993
4006
3492
7278
8001
8265
7229
6977
9211
6769
1721
8963
2741
474
627
5183
4514
8461
3078
6878
5385
136
7107
9112
6036
5465
9694
4743
5783
9737
5430
8214
4651
5702
7471
8505
9590
6472
942
5767
217
4565
9120
8337
9478
5407
5543
1878
3787
8251
7778
7023
8336
7902
9624
1238
360
9888
3361
5556
823
7970
225
4855
9601
4827
8370
1106
3371
1470
1005
5038
7392
5415
3044
5007
3442
917
3375
9841
6107
9010
5345
17
8222
5996
4486
6200
911
7192
8907
7170
428
2061
5306
5021
311
3515
241
4301
8993
6255
5758
3004
7396
4734
7209
8575
2844
126
7806
3043
3012
4436
7605
2454
7449
136
4208
6435
2669
1782
7920
4405
8490
4925
8197
188
720
2618
1216
7902
8045
8799
3734
788
9912
4044
1555
693
6218
4111
8152
7569
8218
3512
3860
51
196
6341
5226
1561
8533
4765
1284
4896
4405
5688
3876
9817
4209
3563
7283
7336
4676
8514
8424
8699
2401
9605
7878
8775
8896
1229
2754
7373
5042
9248
5392
796
5395
327
1465
6081
9052
7009
1483
425
1425
5137
4541
9095
9037
9331
2925
8496
6440
3084
5097
2691
8435
9134
4198
4983
6992
5098
1568
4749
1728
8288
9646
9653
3674
3586
609
9116
2869
3224
3609
3490
7203
748
1364
3114
970
3541
6116
3162
6383
8433
4876
2850
8481
7627
2391
8554
5440
4828
6132
1908
4056
8589
3058
9345
8206
939
8804
4384
8901
1331
1362
8128
3757
3917
9004
374
9369
8662
5451
5194
5468
7301
6277
2060
5216
2223
3612
7860
5282
4709
2261
2807
7613
8075
5440
3637
5057
180
7129
6671
1936
5577
121
6919
5861
8520
6585
3792
4001
8681
693
5412
8003
7436
6713
3043
4931
9822
7931
5929
1372
747
9284
5145
9236
8669
2076
9397
1913
6850
8241
4896
3609
7627
4068
3050
8030
7217
9664
9146
1780
7251
3831
8187
3769
970
2395
3837
768
909
8102
5580
4049
4896
6615
9774
816
2119
2778
9397
9945
7449
3042
9908
5045
6944
2949
5055
8988
8140
5012
91
1527
295
5174
6724
4080
707
3616
6093
5689
2608
7555
5314
9205
6954
9441
6762
1335
6734
541
248
8645
7773
5631
2529
8392
8202
1265
8360
7443
5677
42
5188
9486
442
9140
51
910
9483
3019
1000
7154
7946
2516
4943
4220
1451
8215
7106
1386
4966
6219
1892
8273
8882
4749
5386
9205
7853
1565
6682
2631
4344
453
5163
140
4159
7798
5996
9941
8199
6544
2496
8960
575
1054
3607
3227
6793
3628
5433
2976
7314
7383
3291
8097
9821
7039
387
1377
7998
6507
488
9821
2289
4409
7587
7797
3419
448
6690
2091
5161
7236
8107
183
6773
8149
4014
3652
4807
8085
9427
4763
6263
7668
9554
3066
8096
5034
8241
80
7376
5984
2344
3288
5997
6699
8128
6303
7234
6486
186
5443
326
90
3549
3995
8301
3085
5415
5741
6184
5365
244
3392
5592
4903
1612
862
5152
1553
8199
9141
6968
4768
1212
2491
7326
6718
2071
8444
5143
6891
6360
9170
9219
5991
3880
7231
7022
8282
1863
4297
3634
8672
4113
4738
5130
3364
1103
1043
1234
5048
9721
4677
4602
1694
9177
9244
9177
3735
3211
8081
6926
8181
7984
5162
6210
334
4914
6184
3193
1392
9202
5164
2680
1339
9517
9606
9120
4816
6733
2668
5368
6900
7195
6676
521
1952
6051
3614
4178
7737
2080
4801
6844
519
3382
3537
1944
6276
6574
3145
7285
8018
9228
1226
4766
4153
8268
976
5439
9085
5979
3197
6631
5192
3874
7781
6425
3737
1117
9062
6718
5800
8970
1169
581
2628
5197
6665
1194
4427
5568
8359
2772
7574
3400
7736
6247
1695
403
4884
314
8016
9085
1291
4868
3961
4145
2861
7360
8012
6285
5238
3407
3097
8862
5333
4956
6529
4394
2616
3786
2586
3789
8006
2442
7054
8315
7976
4969
4352
1077
149
2006
8956
6630
3576
9169
8922
7037
4704
719
7103
21
7444
410
2127
4799
8801
214
2595
3889
7937
2446
8386
7656
4073
1100
3488
4377
1088
7447
1232
4934
3495
2695
7031
8460
9914
2292
6911
2520
2385
4460
2868
1882
8211
2164
6719
7889
7944
2374
3484
3894
9976
9112
7402
3317
1205
4605
7822
7990
1043
5397
6868
7066
9872
3104
8836
3473
8035
7167
9101
5400
357
539
2640
1343
6486
2239
5884
2793
4190
7344
9473
3245
8418
8174
7683
5497
1662
5186
6669
3430
1429
983
3407
1446
3698
5205
326
1722
5865
4888
8743
8352
2912
6735
407
4522
8004
8305
8922
9962
7945
3210
8886
553
945
2770
1763
6663
4680
5919
3601
4460
5162
5185
1062
9469
721
363
1539
9946
2143
6674
9986
4437
4773
2765
8334
7085
4190
300
7678
9720
6731
9686
6271
9583
7307
586
8621
7267
1110
9591
1134
1165
694
7463
1468
9747
8915
5686
5629
8727
8506
8128
7697
6873
9769
7480
9879
461
6857
5286
8971
2151
584
4936
2160
8099
5491
5673
2166
5233
9756
7678
2136
2877
6926
1373
6469
717
1050
1225
6505
4707
3516
2072
6344
5586
351
5893
7030
9646
362
6449
8086
716
4502
9557
1389
6344
7372
2338
9809
3942
3584
4649
6515
2672
1908
1479
7926
8014
1594
8904
652
915
731
3661
8252
5604
5885
6216
1713
4435
9667
7971
5826
8842
9895
496
3001
8996
2829
475
7427
6629
324
4956
2867
5257
126
681
8611
5738
5417
3368
504
7563
2489
5842
8080
2097
5556
5091
491
3890
7770
3918
4867
6725
7695
7806
4250
8633
4135
4023
3599
1986
1069
1962
1628
8189
47
3431
8462
597
2569
9965
7298
6350
6796
8989
3033
1055
6411
7309
6151
2589
7010
8536
9806
3682
1284
8498
4290
9852
719
4394
8345
9953
8798
248
6017
2961
2011
3957
7469
7108
3934
1818
62
1730
6279
8161
5770
5649
2228
8168
7995
8233
3519
2324
9078
2724
3896
8641
7383
1377
7850
4327
2086
8583
5836
9033
9896
5638
982
8488
6740
1338
3086
7812
9615
6489
2942
1714
1975
2699
4132
1400
8185
906
1910
4101
2464
6911
1263
5391
9563
2331
139
3060
6393
5687
4763
6274
7059
5619
7749
9778
6886
1931
5227
8718
6699
1592
3238
3076
757
370
974
4210
1271
1235
7561
6161
3167
6983
5087
5375
5635
5696
8165
3812
9430
8853
9198
5638
1095
2170
6874
2936
2967
1435
585
1405
1717
3043
4337
6570
8759
6905
6856
8682
4359
2665
1982
6219
6424
5489
3625
9365
1395
1330
6271
9755
6962
1062
874
8746
328
9905
5803
1662
8508
4223
1246
5908
7536
8541
725
1818
8866
3172
8547
2323
9518
2752
4824
7991
8094
1120
5700
8838
8191
2533
4282
541
6977
8445
98
2993
4138
7577
5179
8617
536
1754
7019
3160
6610
9275
6580
5959
8153
7320
54
3906
480
4108
731
1273
3429
4136
6530
6934
3403
4063
3243
5550
5413
814
8860
992
7201
6633
2334
7963
8415
8209
1111
7469
461
561
2948
677
6785
7704
3299
9386
8865
8705
8379
3348
4066
6589
7800
8600
6091
7203
7783
6626
6453
685
154
9243
5105
2260
3976
7449
9926
6166
1044
598
5942
4099
3528
3400
1564
632
6079
9599
4709
6546
6108
846
2360
9044
2266
1489
9506
2772
1536
8605
6610
2495
5360
6661
5998
5949
6637
1848
1137
9823
5047
4119
6689
7189
7013
7076
433
2860
1549
6023
8272
5812
3394
6570
9483
4800
2715
5092
6886
3895
1916
7443
4210
999
9604
3154
1852
1513
6450
4986
2706
6623
8164
