6
23
37
44
45
76
80
86
87
92
93
100
116
119
120
130
137
142
142
142
151
163
178
181
198
199
230
233
252
311
311
312
325
332
338
370
371
403
428
436
455
506
522
522
533
544
545
548
554
557
560
572
578
578
586
596
598
598
600
603
613
618
628
631
631
646
660
670
678
686
697
704
723
748
753
763
798
805
818
818
855
859
864
864
872
894
900
904
918
927
932
949
949
1037
1043
1058
1073
1074
1095
1107
1107
1114
1120
1121
1123
1135
1143
1187
1191
1196
1202
1214
1223
1225
1226
1229
1237
1249
1254
1259
1293
1298
1319
1320
1330
1336
1360
1372
1372
1383
1391
1397
1398
1411
1417
1420
1425
1435
1435
1440
1441
1444
1448
1476
1477
1485
1492
1502
1511
1514
1529
1530
1536
1536
1545
1547
1575
1581
1591
1593
1607
1620
1625
1653
1660
1691
1705
1714
1723
1730
1751
1753
1767
1778
1800
1806
1812
1814
1824
1824
1825
1834
1836
1841
1841
1851
1861
1867
1872
1873
1875
1902
1906
1953
1960
1960
1961
1997
2000
2014
2025
2026
2029
2030
2035
2044
2058
2066
2068
2070
2072
2076
2087
2130
2134
2135
2138
2143
2185
2204
2210
2219
2224
2239
2251
2281
2283
2285
2311
2314
2353
2374
2389
2425
2427
2428
2432
2439
2449
2452
2459
2463
2468
2487
2518
2530
2544
2558
2567
2573
2577
2583
2586
2592
2594
2606
2607
2630
2647
2693
2693
2708
2711
2726
2729
2731
2735
2744
2747
2747
2755
2770
2783
2784
2806
2820
2836
2856
2865
2867
2882
2893
2899
2903
2907
2932
2938
2944
2949
2982
2993
3000
3013
3021
3027
3064
3072
3079
3137
3179
3183
3186
3205
3205
3217
3227
3256
3261
3263
3268
3270
3274
3284
3286
3290
3296
3306
3307
3309
3311
3318
3329
3338
3350
3358
3370
3382
3406
3429
3431
3438
3441
3444
3449
3479
3484
3495
3500
3510
3517
3539
3562
3570
3586
3590
3622
3625
3638
3658
3667
3679
3692
3702
3717
3717
3718
3726
3729
3730
3747
3751
3756
3764
3780
3808
3813
3817
3823
3826
3827
3842
3857
3864
3878
3879
3897
3898
3906
3942
3952
3953
3972
3985
3987
3988
3988
3996
4004
4006
4009
4010
4023
4051
4056
4065
4067
4068
4086
4095
4101
4103
4119
4121
4125
4140
4146
4148
4149
4156
4157
4175
4175
4185
4189
4200
4205
4208
4227
4243
4263
4266
4284
4288
4309
4344
4349
4355
4361
4361
4367
4372
4395
4409
4416
4419
4422
4439
4445
4452
4457
4457
4459
4483
4510
4522
4522
4532
4544
4558
4561
4569
4580
4617
4626
4628
4632
4643
4657
4667
4692
4704
4711
4715
4731
4741
4742
4749
4773
4778
4784
4784
4794
4799
4813
4823
4827
4831
4848
4851
4909
4912
4936
4949
4950
4951
4955
4955
4956
4958
4961
4970
4976
5029
5032
5034
5034
5035
5047
5047
5052
5086
5089
5107
5144
5156
5162
5164
5174
5176
5179
5179
5185
5211
5211
5223
5234
5257
5261
5266
5278
5288
5314
5321
5360
5372
5372
5373
5376
5376
5380
5381
5383
5397
5401
5402
5423
5428
5432
5444
5444
5448
5450
5464
5512
5523
5524
5525
5530
5532
5557
5578
5581
5585
5593
5598
5603
5619
5628
5643
5645
5646
5646
5670
5680
5683
5705
5706
5716
5724
5732
5733
5734
5750
5755
5762
5770
5780
5792
5803
5820
5821
5822
5834
5843
5858
5862
5869
5871
5879
5879
5884
5887
5897
5898
5903
5905
5933
5962
5982
5990
5999
6006
6015
6030
6034
6039
6042
6047
6055
6062
6077
6094
6108
6117
6137
6151
6152
6158
6167
6170
6183
6197
6200
6227
6232
6236
6275
6276
6282
6283
6300
6301
6327
6330
6332
6363
6364
6367
6384
6423
6423
6437
6442
6454
6457
6462
6464
6468
6469
6473
6485
6493
6513
6556
6558
6567
6576
6592
6592
6613
6632
6663
6665
6668
6669
6674
6675
6683
6692
6696
6709
6737
6742
6772
6794
6804
6810
6818
6826
6829
6842
6855
6857
6863
6870
6878
6878
6888
6889
6897
6913
6916
6931
6946
6947
6970
6970
6980
6997
7017
7018
7019
7034
7045
7049
7053
7056
7067
7081
7093
7121
7144
7149
7150
7151
7175
7210
7216
7220
7224
7230
7239
7240
7268
7279
7297
7298
7319
7323
7323
7324
7334
7355
7359
7373
7377
7385
7398
7430
7440
7449
7455
7489
7496
7496
7505
7506
7511
7518
7519
7526
7545
7568
7570
7573
7579
7594
7596
7597
7598
7606
7606
7608
7614
7633
7636
7640
7649
7657
7659
7670
7678
7679
7682
7687
7696
7704
7742
7749
7757
7765
7802
7813
7838
7840
7843
7847
7850
7857
7883
7885
7898
7916
7917
7931
7932
7954
7957
7962
7974
7992
8003
8006
8019
8020
8026
8039
8040
8043
8056
8070
8076
8078
8090
8098
8146
8151
8158
8188
8190
8192
8212
8213
8214
8229
8230
8247
8270
8274
8281
8288
8308
8314
8315
8332
8356
8362
8374
8390
8394
8395
8407
8411
8422
8447
8448
8450
8450
8457
8459
8469
8489
8517
8517
8522
8543
8551
8561
8562
8594
8603
8620
8624
8634
8649
8651
8653
8654
8656
8657
8668
8683
8708
8712
8714
8736
8743
8760
8769
8789
8790
8794
8800
8804
8828
8836
8851
8851
8853
8865
8871
8888
8889
8910
8922
8940
8941
8951
8957
8957
8971
8990
9009
9055
9057
9074
9082
9087
9098
9102
9113
9118
9127
9143
9150
9180
9185
9196
9198
9216
9219
9224
9248
9269
9270
9280
9280
9281
9283
9291
9293
9294
9309
9311
9316
9329
9340
9351
9361
9361
9365
9387
9399
9401
9458
9465
9475
9491
9491
9505
9517
9518
9546
9550
9574
9575
9578
9579
9583
9603
9605
9617
9636
9649
9655
9666
9676
9691
9697
9701
9707
9750
9776
9785
9791
9799
9799
9806
9815
9819
9820
9821
9837
9838
9845
9851
9866
9871
9873
9883
9894
9896
9926
9932
9938
9941
9949
9966
9967
9983
